LCH_28,350000,1,22000,22000,12,1,26000,26000,16,1,100000,100000,60,308000,88,3|
LCH_29,600000,1,60000,60000,20,1,146000,146000,41,1,74000,74000,29,540000,90,3|
LCH_30,75000,1,8750,8750,25,1,12500,12500,30,1,15000,15000,40,71250,95,3|
LCH_31,300000,1,45000,45000,25,1,40000,40000,30,1,60000,60000,40,285000,95,3|
LCH_32,450000,1,58000,58000,19.55555556,1,48000,48000,21.77777778,1,79000,79000,39.77777778,365000,81.11111111,3|
LCH_33,150000,1,9000,9000,12,1,12000,12000,16,1,45000,45000,60,132000,88,3|
LCH_34,800000,1,69000,69000,17.375,1,70000,70000,18.75,1,180000,180000,35,569000,71.125,3|
LCH_35,300000,1,45000,45000,25,1,40000,40000,30,1,60000,60000,40,285000,95,3|
LCH_36,150000,1,9000,9000,12,1,12000,12000,16,1,40000,40000,60,132000,88,3|
LCH_37,600000,1,60000,60000,20,1,126000,126000,41,1,84000,84000,29,540000,90,3|
