LCH_10,250000,1,32500,32500,25,1,45000,45000,30,1,50000,50000,40,237500,95,3|
LCH_11,40000,1,5000,5000,25,1,6000,6000,30,1,8000,8000,40,38000,95,3|
LCH_12,45000,1,3400,3400,12,1,4200,4200,16,1,17000,17000,60,39600,88,3|
LCH_13,56000,1,4730,4730,17.375,1,5500,5500,18.75,1,9600,9600,35,39830,71.125,3|
LCH_14,20000,1,2000,2000,25,1,3000,3000,30,1,4000,4000,40,19000,95,3|
LCH_15,350000,1,22000,22000,12,1,26000,26000,16,1,100000,100000,60,308000,88,3|
LCH_16,600000,1,60000,60000,20,1,146000,146000,41,1,74000,74000,29,540000,90,3|
LCH_17,75000,1,8750,8750,25,1,12500,12500,30,1,15000,15000,40,71250,95,3|
LCH_18,34000,1,2080,2080,12,1,3440,3440,16,1,10400,10400,60,29920,88,3|


